{"Models":[{"Behaviours":["Spin"],"MatID":0,"MeshID":0,"Transform":[-0.47353222966194153,-0.8128308653831482,0.3417029082775116,0.0,0.7817581295967102,-0.5654698014259338,-0.26175859570503235,0.0,0.4061334431171417,0.14322911202907562,0.9035286903381348,0.0,-8.809513092041016,-6.426592826843262,-4.293494701385498,1.0],"Type":2},{"Behaviours":["Spin"],"MatID":0,"MeshID":0,"Transform":[-0.3718166649341583,-0.7629089951515198,0.5376388430595398,0.0,0.7839721441268921,-0.5670716166496277,-0.2624998986721039,0.0,0.5034010410308838,0.32277509570121765,0.806155800819397,0.0,-7.938070774078369,-6.065465927124023,-2.471006393432617,1.0],"Type":2},{"Behaviours":["Spin"],"MatID":0,"MeshID":0,"Transform":[-0.24431052803993225,-0.664591908454895,0.7060514688491821,0.0,0.7820164561271667,-0.5656567811965942,-0.2618449926376343,0.0,0.5733100175857544,0.4880932867527008,0.657811164855957,0.0,-6.928889274597168,-5.373570442199707,-0.9517080783843994,1.0],"Type":2},{"Behaviours":["Spin"],"MatID":0,"MeshID":0,"Transform":[-0.09738250821828842,-0.5273953676223755,0.8484798073768616,0.0,0.7833239436149597,-0.5666027069091797,-0.2622827887535095,0.0,0.6179504990577698,0.6379293203353882,0.4674457311630249,0.0,-5.807650089263916,-4.374553680419922,0.2387930154800415,1.0],"Type":2},{"Behaviours":["Spin"],"MatID":0,"MeshID":0,"Transform":[0.056688617914915085,-0.3538287878036499,0.9336708188056946,0.0,0.781541109085083,-0.5653129816055298,-0.26168587803840637,0.0,0.6205499768257141,0.7447066903114319,0.24454094469547272,0.0,-4.69515323638916,-3.1870028972625732,0.9959009885787964,1.0],"Type":2},{"Behaviours":["Spin"],"MatID":0,"MeshID":0,"Transform":[0.23194612562656403,-0.12524409592151642,0.9632821083068848,0.0,0.7807096838951111,-0.5647110342979431,-0.26140740513801575,0.0,0.5772442817687988,0.8134201765060425,-0.03323318436741829,0.0,-3.4801254272460938,-1.6681461334228516,1.3435126543045044,1.0],"Type":2},{"Behaviours":["Spin"],"MatID":0,"MeshID":0,"Transform":[0.3975754678249359,0.1282634437084198,0.9102997183799744,0.0,0.7822645902633667,-0.5658363699913025,-0.2619282007217407,0.0,0.4816776216030121,0.816558301448822,-0.32542893290519714,0.0,-2.380307197570801,-0.0453333854675293,1.122468113899231,1.0],"Type":2},{"Behaviours":["Spin"],"MatID":0,"MeshID":0,"Transform":[0.5251615643501282,0.3720146119594574,0.7647737860679626,0.0,0.7814182043075562,-0.5652239322662354,-0.26164475083351135,0.0,0.33507391810417175,0.7353233098983765,-0.5877800583839417,0.0,-1.5399268865585327,1.465221881866455,0.3691045045852661,1.0],"Type":2},{"Behaviours":["Spin"],"MatID":0,"MeshID":0,"Transform":[0.6040669083595276,0.5868266224861145,0.5363766551017761,0.0,0.7805162072181702,-0.5645712018013,-0.26134270429611206,0.0,0.14953891932964325,0.5768228769302368,-0.7994871139526367,0.0,-1.0070528984069824,2.7651805877685547,-0.8477016687393188,1.0],"Type":2},{"Behaviours":["Spin"],"MatID":0,"MeshID":0,"Transform":[0.6190241575241089,0.7519276738166809,0.22438368201255798,0.0,0.7809942364692688,-0.564917266368866,-0.26150286197662354,0.0,-0.06986973434686661,0.33710330724716187,-0.9369050860404968,0.0,-0.8420051336288452,3.755962371826172,-2.4951348304748535,1.0],"Type":2},{"Behaviours":["Spin"],"MatID":0,"MeshID":0,"Transform":[0.5495630502700806,0.8238492012023926,-0.13843581080436707,0.0,0.7814643979072571,-0.5652572512626648,-0.26166027784347534,0.0,-0.29378649592399597,0.035611994564533234,-0.954342782497406,0.0,-1.1192998886108398,4.240405082702637,-4.369823932647705,1.0],"Type":2},{"Behaviours":["Spin"],"MatID":0,"MeshID":0,"Transform":[0.4392165541648865,0.7978042960166931,-0.41172853112220764,0.0,0.7810317277908325,-0.564944326877594,-0.26151537895202637,0.0,-0.44131746888160706,-0.2067466378211975,-0.8713922500610352,0.0,-2.2290613651275635,3.456051826477051,-5.989777088165283,1.0],"Type":2},{"Behaviours":["Spin"],"MatID":0,"MeshID":0,"Transform":[0.2710909843444824,0.6868392825126648,-0.6741309762001038,0.0,0.781524121761322,-0.5653005838394165,-0.2616802453994751,0.0,-0.5607427954673767,-0.4558485150337219,-0.6899353265762329,0.0,-3.536205291748047,2.19747257232666,-7.174770832061768,1.0],"Type":2},{"Behaviours":["Spin"],"MatID":0,"MeshID":0,"Transform":[0.06771504133939743,0.4946412742137909,-0.8663251399993896,0.0,0.7818014621734619,-0.5655012726783752,-0.26177316904067993,0.0,-0.6193156242370605,-0.6594871282577515,-0.4249517321586609,0.0,-4.811219692230225,0.6753721237182617,-7.694526195526123,1.0],"Type":2},{"Behaviours":["Spin"],"MatID":0,"MeshID":0,"Transform":[-0.1611318141222,0.2221323400735855,-0.9610969424247742,0.0,0.7815234065055847,-0.5653001070022583,-0.261680006980896,0.0,-0.6018379330635071,-0.7938149571418762,-0.08256873488426208,0.0,-5.978616237640381,-1.0218796730041504,-7.514501571655273,1.0],"Type":2},{"Behaviours":["Spin"],"MatID":0,"MeshID":0,"Transform":[-0.382188618183136,-0.10400423407554626,-0.9167534708976746,0.0,0.7810205221176147,-0.5649361610412598,-0.26151153445243835,0.0,-0.4917660057544708,-0.8177074790000916,0.2977820932865143,0.0,-6.860232830047607,-2.665780544281006,-6.596227645874023,1.0],"Type":2},{"Behaviours":["Spin"],"MatID":0,"MeshID":0,"Transform":[-0.5536178350448608,-0.4380270838737488,-0.707156240940094,0.0,0.7813947796821594,-0.5652070641517639,-0.2616369426250458,0.0,-0.2854997217655182,-0.6984277963638306,0.6561325788497925,0.0,-7.289124965667725,-3.9938855171203613,-5.008072376251221,1.0],"Type":2}],"PointLights":[{"Colour":[1.0,1.0,1.0],"Intensity":1.0,"Position":[-4.412370681762695,0.3477144241333008,2.303567886352539]},{"Colour":[1.0,1.0,1.0],"Intensity":1.0,"Position":[-7.473422050476074,-3.730854034423828,0.2497413158416748]},{"Colour":[1.0,1.0,1.0],"Intensity":1.0,"Position":[-5.291778087615967,2.969024181365967,-7.037084579467773]}],"StaticMeshes":[["models/boxbbox.obj"]],"Textures":[["textures/streaked-marble.png","textures/streaked-marble.norm.png","textures/streaked-marble.rough.png","textures/streaked-marble.metal.png","textures/default_ao.png"]]}